00000000000000000010000
00000000000001000000010
00000000000000000000100
00000000000000000010000
00010000000001000000010
00000000000000000000100
00110000000000000000000
00001000000000000000010
00000000000000000010000
00000000000001000000100
10010000000000000000000
00000000000000000000010
00000000000000000010000
00000000000001000000100
01001000000000000000000
00010000000000000000010
00000000000000000010000
00000000000001000000100
00100000000000000000000
00001000000000000000010
00000000000000000010000
00000000000001000000100
10010000000000000000000
00000000000000000000010
00000000000000000010000
00000000000001000000100
01001000000000000000000
00010000000000000000010
00000000000000000010000
00000000000001000000100
00100000000000000000000
00001000000000000000010
00000000000000000010000
00000000000001000000100
